(1) 0.112693302333 505.6 244.4 595.8 184.9 660.8 283.5 570.6 342.9
(1) 0.205013945699 250.2 94.7 341.2 -54.5 455.0 14.9 364.0 164.1
(1) 0.115606941283 193.8 243.5 262.9 190.3 328.9 276.0 259.7 329.2
(1) 0.133054777980 332.7 176.7 441.0 91.5 543.5 221.9 435.3 307.1
(1) 0.162250325084 110.8 475.4 229.0 412.8 325.3 594.9 207.1 657.4
(1) 0.131342738867 -56.4 67.2 29.5 -34.5 153.0 69.8 67.1 171.5
(1) 0.226984918118 669.5 124.0 747.4 -26.5 854.7 29.1 776.8 179.6
(1) 0.451956778765 414.8 128.0 440.4 43.7 660.1 110.5 634.5 194.8
(1) 0.195894762874 377.5 214.4 542.4 128.2 578.3 196.9 413.4 283.1
(1) 0.170870155096 461.9 319.7 481.2 242.9 667.5 289.8 648.2 366.5
(1) 0.536152124405 764.9 200.6 855.6 189.2 882.0 398.6 791.3 410.0
(1) 0.118518836796 605.8 234.4 681.4 161.7 776.8 260.9 701.1 333.6
(1) 0.122256398201 667.0 399.6 704.0 310.5 825.3 360.8 788.4 449.9
(1) 0.115266211331 118.9 518.4 204.8 388.1 306.5 455.1 220.7 585.5
(1) 0.817986547947 772.5 676.2 781.7 582.5 987.3 602.6 978.2 696.3
(1) 0.641904354095 746.4 789.2 854.1 753.2 894.4 873.5 786.7 909.5
(2) 0.717168390751 94.7 301.4 110.5 209.8 330.5 247.8 314.7 339.3
(2) 0.486737549305 312.1 316.2 353.9 171.3 426.1 192.1 384.3 337.0
(2) 0.326231449842 311.7 59.5 559.7 51.4 562.8 146.5 314.8 154.7
(2) 0.935248017311 54.7 483.2 68.6 409.3 302.5 453.5 288.5 527.4
(2) 0.944102883339 89.2 523.1 323.9 514.1 326.6 584.1 91.9 593.1
(2) 0.130244657397 -32.6 79.4 71.4 5.4 162.0 132.8 58.1 206.8
(2) 0.295778930187 337.7 358.8 425.4 301.2 504.3 421.1 416.6 478.7
(2) 0.509569942951 826.4 285.2 902.7 252.2 997.3 470.8 921.0 503.8
(2) 0.300777077675 650.5 636.5 672.1 422.5 734.7 428.8 713.1 642.9
(2) 0.100002594292 350.8 421.3 443.8 265.7 559.5 334.9 466.6 490.4
(2) 0.908604741096 1.9 715.6 87.6 697.8 125.5 880.1 39.8 897.9
(2) 0.746466934681 106.9 664.0 288.0 575.7 316.8 634.6 135.6 722.9
(2) 0.138258665800 258.4 754.0 345.5 566.4 405.1 594.1 318.1 781.7
(2) 0.875023484230 35.7 705.0 81.7 644.9 273.2 791.5 227.2 851.7
(2) 0.973210453987 30.4 938.3 275.8 897.8 288.5 975.2 43.2 1015.7
(2) 0.194486647844 151.8 700.8 360.4 602.2 395.1 675.6 186.5 774.2
(2) 0.788900077343 37.9 885.5 246.6 831.5 264.2 899.7 55.6 953.7
(2) 0.208353012800 603.3 514.2 678.9 467.2 751.8 584.4 676.1 631.5
(2) 0.125553607941 816.7 390.3 891.7 318.8 1040.4 475.0 965.4 546.4
(2) 0.103414036334 351.4 931.9 503.2 804.1 588.5 905.4 436.7 1033.2
(3) 0.175759851933 238.0 129.0 325.9 -50.5 418.0 -5.4 330.1 174.1
(3) 0.251149922609 243.0 247.0 270.8 160.4 420.0 208.4 392.2 295.0
(3) 0.398893177509 386.6 212.6 481.2 184.8 537.2 374.9 442.6 402.8
(3) 0.963278651237 49.3 465.8 69.7 386.3 316.0 449.6 295.6 529.1
(3) 0.118289224803 405.9 55.4 429.5 -52.1 655.6 -2.4 632.0 105.1
(3) 0.117906630039 529.3 238.4 580.8 159.5 677.0 222.2 625.5 301.2
(3) 0.880281031132 655.8 175.8 869.6 172.7 871.1 277.9 657.4 281.1
(3) 0.182338535786 806.4 487.9 905.0 409.6 1017.2 550.9 918.6 629.2
(3) 0.176733672619 672.2 80.1 689.1 3.6 881.1 46.2 864.2 122.6
(3) 0.161440372467 406.9 258.2 450.9 182.1 619.2 279.3 575.3 355.4
(3) 0.974472343922 46.8 561.5 57.9 484.4 332.7 524.0 321.7 601.0
(3) 0.879600286484 25.1 611.5 267.7 564.1 280.5 629.9 38.0 677.3
(3) 0.934765517712 59.0 666.9 303.1 631.7 314.1 708.0 70.0 743.3
(3) 0.983787238598 19.4 795.3 255.4 688.0 289.6 763.3 53.6 870.6
(3) 0.892076253891 95.7 913.7 256.3 751.7 314.8 809.7 154.1 971.7
(3) 0.204933241010 335.2 908.7 366.1 799.4 603.2 866.4 572.3 975.7
(3) 0.163526788354 264.4 692.6 352.4 665.5 395.0 803.3 307.0 830.5
(4) 0.432245343924 189.6 226.7 255.5 161.8 414.4 323.3 348.5 388.2
(4) 0.928053081036 100.0 449.4 150.2 288.2 239.7 316.1 189.5 477.3
(4) 0.207562327385 146.7 609.7 203.3 403.2 301.9 430.3 245.3 636.8
(4) 0.182602196932 368.5 315.1 389.6 100.9 476.9 109.5 455.8 323.7
(4) 0.295636653900 8.2 468.4 95.2 406.2 202.0 555.5 114.9 617.8
(4) 0.215144410729 473.5 290.8 494.5 226.4 680.7 287.2 659.7 351.6
(4) 0.124973811209 661.8 96.7 720.0 4.3 838.7 79.0 780.5 171.4
(4) 0.411179661751 446.9 108.1 485.7 24.6 663.3 107.2 624.4 190.8
(4) 0.122942261398 619.4 246.8 695.3 185.0 784.1 293.9 708.2 355.7
(4) 0.810458183289 731.4 212.2 801.6 152.6 925.9 299.3 855.7 358.9
(4) 0.104142352939 692.2 395.3 794.3 317.3 891.9 445.2 789.7 523.1
(4) 0.709428369999 191.7 967.5 203.9 878.1 479.5 915.7 467.3 1005.0
(4) 0.381205886602 380.2 312.5 455.8 305.3 481.6 574.7 406.0 581.9
(4) 0.861688554287 751.2 592.9 989.7 591.4 990.3 683.5 751.8 685.0
(4) 0.899871528149 691.5 884.8 714.4 813.7 893.2 871.2 870.3 942.4
(4) 0.519967436790 688.5 993.7 682.3 930.6 878.9 911.2 885.1 974.4
(4) 0.232537031174 670.7 983.7 717.7 880.3 897.0 961.8 850.1 1065.1
(5) 0.455218940973 382.3 77.0 531.4 4.8 585.5 116.4 436.3 188.6
(5) 0.160659134388 249.4 73.5 330.8 -50.1 453.1 30.5 371.7 154.1
(5) 0.969645500183 74.9 292.9 290.2 200.7 330.8 295.4 115.5 387.7
(5) 0.674528539181 368.3 256.9 433.3 190.4 608.1 361.2 543.1 427.7
(5) 0.102529160678 240.6 338.6 359.9 240.5 442.6 341.0 323.3 439.1
(5) 0.160564973950 670.1 79.8 769.1 -19.9 840.9 51.4 741.8 151.1
(5) 0.526231348515 692.5 218.3 793.1 126.4 894.3 237.3 793.7 329.2
(5) 0.897167801857 549.8 209.6 644.2 208.7 646.4 445.5 552.1 446.4
(5) 0.101227030158 595.0 201.6 683.5 152.4 764.6 298.5 676.1 347.7
(5) 0.112317673862 831.6 575.6 925.1 481.3 1031.7 587.1 938.2 681.4
(5) 0.108363732696 659.2 367.5 757.8 270.8 858.4 373.2 759.8 470.0
(5) 0.977177083492 96.9 562.2 274.9 413.6 332.0 482.0 153.9 630.6
(5) 0.987452089787 21.9 638.4 129.3 621.4 165.7 851.9 58.3 868.8
(5) 0.159238666296 296.0 902.9 353.6 786.8 553.7 886.1 496.0 1002.2
(5) 0.107836976647 951.1 877.7 993.3 729.4 1082.5 754.7 1040.2 903.1
(5) 0.966328620911 642.5 675.2 835.3 574.2 880.1 659.7 687.2 760.7
(5) 0.940858542919 615.7 760.2 896.4 779.0 891.1 859.4 610.3 840.7
(5) 0.906572639942 677.3 943.1 851.9 834.2 898.8 909.4 724.2 1018.3
(6) 0.262409359217 284.5 194.7 395.1 114.9 452.1 193.9 341.5 273.7
(6) 0.555408775806 461.4 289.4 533.1 117.6 610.7 150.0 539.0 321.8
(6) 0.780710637569 617.4 237.4 665.0 118.3 865.8 198.4 818.2 317.6
(6) 0.246620416641 688.3 177.3 723.7 -45.2 804.1 -32.4 768.8 190.1
(6) 0.186852112412 192.8 789.9 261.7 715.6 366.5 813.0 297.6 887.2
(6) 0.854954719543 712.9 665.1 720.3 564.6 972.8 583.1 965.4 683.6
(6) 0.300022184849 801.4 796.2 921.5 637.7 993.5 692.3 873.4 850.7
(6) 0.705741226673 594.3 984.4 641.2 817.3 717.5 838.7 670.6 1005.8
(6) 0.527866482735 706.3 808.9 785.5 752.6 906.9 923.6 827.6 979.9
(7) 0.419484347105 360.1 271.9 386.2 71.3 472.6 82.6 446.4 283.2
(7) 0.118929639459 339.3 500.6 386.0 265.8 465.1 281.6 418.3 516.3
(7) 0.220589041710 205.1 240.2 276.4 188.7 359.9 304.2 288.6 355.7
(7) 0.319357454777 49.0 491.1 130.8 393.6 237.0 482.7 155.2 580.2
(7) 0.187812298536 290.8 -55.7 371.3 -70.2 409.9 145.0 329.5 159.4
(7) 0.121105812490 2.5 570.7 106.8 509.5 176.0 627.3 71.7 688.5
(7) 0.220398157835 667.4 45.0 806.9 -37.1 866.5 64.1 727.1 146.3
(7) 0.202547013760 895.3 344.7 1002.0 229.3 1150.7 366.8 1044.0 482.2
(7) 0.269589543343 428.5 92.0 470.8 19.8 642.6 120.2 600.3 192.5
(7) 0.141996532679 454.8 228.2 524.0 170.7 636.1 305.8 566.9 363.3
(7) 0.860015273094 698.8 171.1 798.0 129.1 900.5 371.1 801.3 413.1
(7) 0.954733669758 27.1 546.5 127.6 531.4 163.0 767.2 62.5 782.3
(7) 0.965727865696 295.6 813.1 376.2 767.0 480.7 949.3 400.1 995.4
(7) 0.988111257553 636.4 804.3 787.7 638.7 871.8 715.5 720.5 881.1
(8) 0.153350055218 245.7 91.6 341.7 -62.7 450.5 5.1 354.5 159.3
(8) 0.271626770496 407.0 118.6 428.2 24.8 691.9 84.2 670.8 178.0
(8) 0.333383202553 348.7 314.0 418.3 95.9 498.7 121.5 429.1 339.6
(8) 0.112570479512 195.4 272.5 261.4 220.0 355.5 338.4 289.5 390.9
(8) 0.319639325142 93.8 463.5 173.7 399.8 283.3 537.1 203.5 600.9
(8) 0.165803164244 439.4 265.3 461.6 188.2 668.6 248.0 646.4 325.1
(8) 0.171564817429 659.5 77.4 779.8 -48.2 859.2 27.9 738.9 153.5
(8) 0.665390372276 661.7 255.0 687.0 142.6 902.5 191.1 877.1 303.5
(8) 0.103921055794 671.6 348.8 758.1 268.1 835.5 351.1 749.0 431.8
(8) 0.554155766964 469.0 105.8 617.2 18.2 673.2 113.1 525.1 200.7
(8) 0.106951028109 806.0 544.9 908.2 378.9 1013.9 444.0 911.7 610.0
(8) 0.979659855366 355.7 879.9 607.9 777.0 644.3 866.1 392.1 969.1
(8) 0.241729915142 819.9 647.0 872.1 561.9 983.3 630.0 931.1 715.2
(8) 0.900648653507 656.3 519.0 841.8 357.0 908.2 432.9 722.7 595.0
(8) 0.967654585838 659.3 842.6 727.9 771.6 922.8 959.8 854.2 1030.9
(9) 0.483292192221 373.7 120.6 381.7 37.6 586.5 57.4 578.5 140.4
(9) 0.398067295551 364.7 297.4 405.0 152.3 485.7 174.7 445.4 319.8
(9) 0.113411575556 302.5 531.6 331.6 316.8 392.0 325.0 362.9 539.8
(9) 0.173523619771 219.2 253.6 287.8 187.0 381.1 283.1 312.5 349.7
(9) 0.193979606032 442.3 282.0 505.3 214.0 632.3 331.8 569.2 399.7
(9) 0.252785265446 93.0 471.2 169.9 394.9 287.1 513.1 210.2 589.4
(9) 0.101348079741 416.4 33.8 440.8 -69.4 622.8 -26.4 598.4 76.8
(9) 0.967409849167 685.7 293.4 885.9 214.5 920.7 302.9 720.5 381.8
(9) 0.939576208591 644.2 505.8 658.0 406.2 914.0 441.6 900.3 541.2
(9) 0.118249259889 638.5 73.5 702.4 -31.0 838.4 52.2 774.6 156.7
(9) 0.391123861074 478.9 294.5 562.0 184.0 654.0 253.2 570.9 363.7
(9) 0.144875928760 681.8 228.1 732.4 93.5 871.8 146.0 821.1 280.5
(9) 0.100787572563 750.2 79.8 845.5 -42.4 970.9 55.3 875.6 177.6
(9) 0.152661442757 580.6 474.2 620.9 415.8 682.4 458.4 642.0 516.7
(9) 0.681492447853 575.5 986.4 590.3 895.5 791.4 928.2 776.6 1019.1
(9) 0.883970975876 681.8 609.4 919.5 590.8 925.9 672.7 688.2 691.3
(9) 0.928868114948 642.9 728.5 873.8 663.2 897.2 745.9 666.3 811.2
(9) 0.796555817127 606.6 856.5 864.1 834.3 870.2 905.1 612.7 927.3
(10) 0.399331331253 336.8 300.3 407.8 263.4 473.4 389.6 402.4 426.5
(10) 0.404663592577 384.4 135.8 385.1 55.9 565.3 57.6 564.6 137.5
(10) 0.972774147987 356.8 285.7 400.3 194.9 647.1 313.0 603.7 403.9
(10) 0.165170088410 264.5 109.6 340.9 -41.5 450.6 13.9 374.2 165.0
(10) 0.220854997635 99.9 470.9 192.2 395.4 290.8 516.1 198.5 591.5
(10) 0.140421271324 438.8 29.5 465.4 -67.6 676.8 -9.5 650.2 87.5
(10) 0.174810186028 654.5 94.7 740.6 -35.9 848.8 35.4 762.7 166.0
(10) 0.737762331963 666.8 257.5 685.2 145.3 905.2 181.3 886.9 293.5
(10) 0.398961305618 418.6 386.6 512.2 329.0 641.8 539.6 548.2 597.2
(10) 0.101661473513 712.8 601.8 799.7 499.0 912.8 594.6 825.9 697.4
(10) 0.128366246819 671.9 360.0 764.5 246.1 882.2 341.8 789.6 455.7
(10) 0.111331932247 24.9 465.1 66.5 360.1 260.7 437.0 219.1 542.0
(10) 0.986927807331 18.9 948.8 50.7 856.2 298.8 941.3 267.0 1034.0
(10) 0.965921282768 611.2 690.5 620.1 602.1 904.3 630.6 895.4 719.1
(10) 0.973672688007 660.0 795.3 900.3 682.7 931.9 750.1 691.6 862.7
(10) 0.886648237705 672.9 944.4 869.6 870.4 901.3 954.7 704.6 1028.7
(10) 0.112912081182 683.5 573.3 747.0 461.8 890.8 543.7 827.3 655.3
(10) 0.649358212948 671.6 856.8 910.4 760.5 940.3 834.7 701.5 931.0
